
###### DATA INFORMATION ########
simulation_period: 120
backlog: 100
min_lead: 30
arrivals: mean = 6, stddev = 2 (interval = 15)
seed_no: 3553


###### SIMULATION RUN ########
simulation_period: 120
thresholds: 150 (size_ths), 10 (urgency_ths)
pickers: 5 with capacity 150
lead time: 10
batching strategy: FCFS

Execution time: 20.838268995285034

CUSTOMER SERVICE METRICS
no_finished: 576
no_delayed: 203 (now: 176, later: 27)
avg_delay_time: 10.708675167318534
avg_waiting_time: 23.591301136946722
avg_service_time: 18.65897341211216
delivery_rate: 60.82365364308342
delay_finished_ratio: 35.24305555555556

EFFICIENCY METRICS
total_travel_time: 599.3569228931796
time_per_item: 0.5910817780011632
items_per_tour: 28.97142857142857

