
###### DATA INFORMATION ########
simulation_period: 120
backlog: 100
min_lead: 30
arrivals: mean = 6, stddev = 2 (interval = 15)
seed_no: 3546


###### SIMULATION RUN ########
simulation_period: 120
thresholds: 225 (size_ths), 15 (urgency_ths)
pickers: 5 with capacity 150
lead time: 10
batching strategy: FCFS

Execution time: 20.38847303390503

CUSTOMER SERVICE METRICS
no_finished: 581
no_delayed: 71 (now: 71, later: 0)
avg_delay_time: 6.146352335051404
avg_waiting_time: 14.671346261210138
avg_service_time: 18.76601137487634
delivery_rate: 71.20098039215686
delay_finished_ratio: 12.220309810671257

EFFICIENCY METRICS
total_travel_time: 595.8480015543821
time_per_item: 0.5853123787371141
items_per_tour: 29.085714285714285

