
###### DATA INFORMATION ########
simulation_period: 120
backlog: 100
min_lead: 30
arrivals: mean = 6, stddev = 2 (interval = 15)
seed_no: 3552


###### SIMULATION RUN ########
simulation_period: 120
thresholds: 375 (size_ths), 25 (urgency_ths)
pickers: 5 with capacity 150
lead time: 10
batching strategy: FCFS

Execution time: 13.334030151367188

CUSTOMER SERVICE METRICS
no_finished: 544
no_delayed: 33 (now: 33, later: 0)
avg_delay_time: 6.074953243934012
avg_waiting_time: 11.504831991227666
avg_service_time: 18.70754219409286
delivery_rate: 62.89017341040463
delay_finished_ratio: 6.0661764705882355

EFFICIENCY METRICS
total_travel_time: 569.3942142609176
time_per_item: 0.5968492811959304
items_per_tour: 28.90909090909091

