
###### DATA INFORMATION ########
simulation_period: 120
backlog: 100
min_lead: 30
arrivals: mean = 6, stddev = 2 (interval = 15)
seed_no: 3546


###### SIMULATION RUN ########
simulation_period: 120
thresholds: 150 (size_ths), 10 (urgency_ths)
pickers: 5 with capacity 150
lead time: 10
batching strategy: FCFS

Execution time: 14.421128034591675

CUSTOMER SERVICE METRICS
no_finished: 581
no_delayed: 71 (now: 71, later: 0)
avg_delay_time: 6.0259496043397105
avg_waiting_time: 14.311384834060114
avg_service_time: 18.76601137487634
delivery_rate: 71.20098039215686
delay_finished_ratio: 12.220309810671257

EFFICIENCY METRICS
total_travel_time: 597.7677166284146
time_per_item: 0.5871981499296803
items_per_tour: 29.085714285714285

