
###### DATA INFORMATION ########
simulation_period: 120
backlog: 100
min_lead: 30
arrivals: mean = 6, stddev = 2 (interval = 15)
seed_no: 3550


###### SIMULATION RUN ########
simulation_period: 120
thresholds: 150 (size_ths), 10 (urgency_ths)
pickers: 5 with capacity 150
lead time: 10
batching strategy: FCFS

Execution time: 33.191853046417236

CUSTOMER SERVICE METRICS
no_finished: 575
no_delayed: 132 (now: 132, later: 0)
avg_delay_time: 9.259804212270021
avg_waiting_time: 19.135851421436563
avg_service_time: 18.880795510004802
delivery_rate: 67.33021077283372
delay_finished_ratio: 22.956521739130434

EFFICIENCY METRICS
total_travel_time: 598.8146805201712
time_per_item: 0.5982164640561152
items_per_tour: 28.6

