
###### DATA INFORMATION ########
simulation_period: 120
backlog: 100
min_lead: 30
arrivals: mean = 6, stddev = 2 (interval = 15)
seed_no: 3549


###### SIMULATION RUN ########
simulation_period: 120
thresholds: 75 (size_ths), 5 (urgency_ths)
pickers: 5 with capacity 150
lead time: 10
batching strategy: FCFS

Execution time: 16.241562843322754

CUSTOMER SERVICE METRICS
no_finished: 568
no_delayed: 120 (now: 99, later: 21)
avg_delay_time: 9.807035982838938
avg_waiting_time: 19.60322019456539
avg_service_time: 18.926478083588226
delivery_rate: 66.74500587544065
delay_finished_ratio: 21.12676056338028

EFFICIENCY METRICS
total_travel_time: 598.3423688612777
time_per_item: 0.5866101655502722
items_per_tour: 29.142857142857142

