
###### DATA INFORMATION ########
simulation_period: 120
backlog: 100
min_lead: 30
arrivals: mean = 6, stddev = 2 (interval = 15)
seed_no: 3544


###### SIMULATION RUN ########
simulation_period: 120
thresholds: 225 (size_ths), 15 (urgency_ths)
pickers: 5 with capacity 150
lead time: 10
batching strategy: FCFS

Execution time: 16.82400393486023

CUSTOMER SERVICE METRICS
no_finished: 563
no_delayed: 74 (now: 74, later: 0)
avg_delay_time: 9.299587261494258
avg_waiting_time: 14.597871353179201
avg_service_time: 18.86765432098763
delivery_rate: 65.61771561771562
delay_finished_ratio: 13.143872113676732

EFFICIENCY METRICS
total_travel_time: 596.7729905678148
time_per_item: 0.5839266052522649
items_per_tour: 29.2

