
###### DATA INFORMATION ########
simulation_period: 120
backlog: 100
min_lead: 30
arrivals: list = [12, 10, 10, 8, 8, 6, 4, 4] (interval = 15)
seed_no: 5690


###### SIMULATION RUN ########
simulation_period: 120
thresholds: 150 (size_ths), 10 (urgency_ths)
pickers: 5 with capacity 150
lead time: 10
batching strategy: static_weighting
c: 0.5
seed rule: longest_travel_time

Execution time: 1772.664532661438

CUSTOMER SERVICE METRICS
no_finished: 790
no_delayed: 5 (now: 0, later: 5)
avg_delay_time: nan
avg_waiting_time: 23.1914625601588
avg_service_time: 14.568418560606132
delivery_rate: 76.69902912621359
delay_finished_ratio: 0.6329113924050633

EFFICIENCY METRICS
total_travel_time: 599.1147196033298
time_per_item: 0.4535312033333307
items_per_tour: 30.022727272727273

