
###### DATA INFORMATION ########
simulation_period: 120
backlog: 100
min_lead: 30
arrivals: list = [12, 10, 10, 8, 8, 6, 4, 4] (interval = 15)
seed_no: 5692


###### SIMULATION RUN ########
simulation_period: 120
thresholds: 150 (size_ths), 10 (urgency_ths)
pickers: 5 with capacity 150
lead time: 10
batching strategy: static_weighting
c: 0.25
seed rule: longest_travel_time

Execution time: 961.0493814945221

CUSTOMER SERVICE METRICS
no_finished: 847
no_delayed: 35 (now: 0, later: 35)
avg_delay_time: nan
avg_waiting_time: 21.39377258750784
avg_service_time: 13.85171438670908
delivery_rate: 78.20867959372114
delay_finished_ratio: 4.132231404958678

EFFICIENCY METRICS
total_travel_time: 598.734077761048
time_per_item: 0.43105405166382144
items_per_tour: 30.195652173913043

