
###### DATA INFORMATION ########
simulation_period: 120
backlog: 100
min_lead: 30
arrivals: list = [4, 4, 6, 8, 8, 10, 10, 12] (interval = 15)
seed_no: 5690


###### SIMULATION RUN ########
simulation_period: 120
thresholds: 150 (size_ths), 10 (urgency_ths)
pickers: 5 with capacity 150
lead time: 10
batching strategy: FCFS

Execution time: 25.799195289611816

CUSTOMER SERVICE METRICS
no_finished: 603
no_delayed: 58 (now: 58, later: 0)
avg_delay_time: 11.34612458448753
avg_waiting_time: 11.86847442549408
avg_service_time: 18.83315476190476
delivery_rate: 58.65758754863813
delay_finished_ratio: 9.618573797678277

EFFICIENCY METRICS
total_travel_time: 593.2378957634286
time_per_item: 0.5731767108825397
items_per_tour: 29.571428571428573

