
###### DATA INFORMATION ########
simulation_period: 120
backlog: 100
min_lead: 30
arrivals: list = [4, 4, 6, 8, 8, 10, 10, 12] (interval = 15)
seed_no: 5695


###### SIMULATION RUN ########
simulation_period: 120
thresholds: 150 (size_ths), 10 (urgency_ths)
pickers: 5 with capacity 150
lead time: 10
batching strategy: static_weighting
c: 0
seed rule: longest_travel_time

Execution time: 739.5538148880005

CUSTOMER SERVICE METRICS
no_finished: 650
no_delayed: 40 (now: 0, later: 40)
avg_delay_time: nan
avg_waiting_time: 5.846462670049233
avg_service_time: 15.846883468834719
delivery_rate: 64.29277942631059
delay_finished_ratio: 6.153846153846154

EFFICIENCY METRICS
total_travel_time: 559.9851155626484
time_per_item: 0.4890699699237104
items_per_tour: 29.358974358974358

