
###### DATA INFORMATION ########
simulation_period: 120
backlog: 100
min_lead: 30
arrivals: list = [4, 6, 8, 10, 10, 8, 6, 4] (interval = 15)
seed_no: 5693


###### SIMULATION RUN ########
simulation_period: 120
thresholds: 150 (size_ths), 10 (urgency_ths)
pickers: 5 with capacity 150
lead time: 10
batching strategy: static_weighting
c: 1
seed rule: longest_travel_time

Execution time: 985.4852683544159

CUSTOMER SERVICE METRICS
no_finished: 570
no_delayed: 139 (now: 0, later: 139)
avg_delay_time: nan
avg_waiting_time: 15.031207987387708
avg_service_time: 18.511069651741305
delivery_rate: 57.57575757575758
delay_finished_ratio: 24.385964912280702

EFFICIENCY METRICS
total_travel_time: 597.9197247760383
time_per_item: 0.5833363168546715
items_per_tour: 26.28205128205128

