
###### DATA INFORMATION ########
simulation_period: 120
backlog: 100
min_lead: 30
arrivals: list = [12, 10, 10, 8, 8, 6, 4, 4] (interval = 15)
seed_no: 5693


###### SIMULATION RUN ########
simulation_period: 120
thresholds: 150 (size_ths), 10 (urgency_ths)
pickers: 5 with capacity 150
lead time: 10
batching strategy: static_weighting
c: 0.75
seed rule: longest_travel_time

Execution time: 1138.6703231334686

CUSTOMER SERVICE METRICS
no_finished: 785
no_delayed: 79 (now: 0, later: 79)
avg_delay_time: nan
avg_waiting_time: 26.021094795716262
avg_service_time: 14.510357548240654
delivery_rate: 72.08448117539027
delay_finished_ratio: 10.063694267515924

EFFICIENCY METRICS
total_travel_time: 599.3680003608955
time_per_item: 0.4446350151045219
items_per_tour: 29.955555555555556

