
###### DATA INFORMATION ########
simulation_period: 120
backlog: 100
min_lead: 30
arrivals: list = [4, 4, 6, 8, 8, 10, 10, 12] (interval = 15)
seed_no: 5697


###### SIMULATION RUN ########
simulation_period: 120
thresholds: 150 (size_ths), 10 (urgency_ths)
pickers: 5 with capacity 150
lead time: 10
batching strategy: static_weighting
c: 0
seed rule: longest_travel_time

Execution time: 768.9946267604828

CUSTOMER SERVICE METRICS
no_finished: 716
no_delayed: 51 (now: 0, later: 51)
avg_delay_time: nan
avg_waiting_time: 6.574747400955704
avg_service_time: 15.109848484848456
delivery_rate: 69.71762414800389
delay_finished_ratio: 7.12290502793296

EFFICIENCY METRICS
total_travel_time: 590.9217246635868
time_per_item: 0.47198220819775305
items_per_tour: 29.11627906976744

