
###### DATA INFORMATION ########
simulation_period: 120
backlog: 100
min_lead: 30
arrivals: list = [4, 4, 6, 8, 8, 10, 10, 12] (interval = 15)
seed_no: 5690


###### SIMULATION RUN ########
simulation_period: 120
thresholds: 150 (size_ths), 10 (urgency_ths)
pickers: 5 with capacity 150
lead time: 10
batching strategy: dist_prio_ratio
seed rule: longest_travel_time

Execution time: 335.795654296875

CUSTOMER SERVICE METRICS
no_finished: 762
no_delayed: 1 (now: 0, later: 1)
avg_delay_time: nan
avg_waiting_time: 5.680206497186439
avg_service_time: 15.458573903002407
delivery_rate: 74.12451361867704
delay_finished_ratio: 0.13123359580052493

EFFICIENCY METRICS
total_travel_time: 581.5279606071482
time_per_item: 0.4739429181802349
items_per_tour: 29.926829268292682

