
###### DATA INFORMATION ########
simulation_period: 120
backlog: 100
min_lead: 30
arrivals: list = [4, 4, 6, 8, 8, 10, 10, 12] (interval = 15)
seed_no: 5694


###### SIMULATION RUN ########
simulation_period: 120
thresholds: 150 (size_ths), 10 (urgency_ths)
pickers: 5 with capacity 150
lead time: 10
batching strategy: dist_prio_ratio
seed rule: longest_travel_time

Execution time: 421.631432056427

CUSTOMER SERVICE METRICS
no_finished: 746
no_delayed: 9 (now: 0, later: 9)
avg_delay_time: nan
avg_waiting_time: 6.587173411247043
avg_service_time: 15.021561771561831
delivery_rate: 73.71541501976284
delay_finished_ratio: 1.2064343163538873

EFFICIENCY METRICS
total_travel_time: 567.7361411812509
time_per_item: 0.46998024932222754
items_per_tour: 29.463414634146343

