
###### DATA INFORMATION ########
simulation_period: 120
backlog: 100
min_lead: 30
arrivals: list = [12, 10, 10, 8, 8, 6, 4, 4] (interval = 15)
seed_no: 5695


###### SIMULATION RUN ########
simulation_period: 120
thresholds: 150 (size_ths), 10 (urgency_ths)
pickers: 5 with capacity 150
lead time: 10
batching strategy: static_weighting
c: 0
seed rule: longest_travel_time

Execution time: 1470.9344201087952

CUSTOMER SERVICE METRICS
no_finished: 779
no_delayed: 140 (now: 56, later: 84)
avg_delay_time: 47.80634660511097
avg_waiting_time: 15.632309231334856
avg_service_time: 14.428578049684816
delivery_rate: 76.97628458498023
delay_finished_ratio: 17.971758664955072

EFFICIENCY METRICS
total_travel_time: 598.2076413561739
time_per_item: 0.4392126588518164
items_per_tour: 30.266666666666666

