
###### DATA INFORMATION ########
simulation_period: 120
backlog: 100
min_lead: 30
arrivals: list = [12, 10, 10, 8, 8, 6, 4, 4] (interval = 15)
seed_no: 5689


###### SIMULATION RUN ########
simulation_period: 120
thresholds: 150 (size_ths), 10 (urgency_ths)
pickers: 5 with capacity 150
lead time: 10
batching strategy: static_weighting
c: 0.5
seed rule: longest_travel_time

Execution time: 1793.6591022014618

CUSTOMER SERVICE METRICS
no_finished: 796
no_delayed: 8 (now: 0, later: 8)
avg_delay_time: nan
avg_waiting_time: 24.18420503150412
avg_service_time: 14.660038932146868
delivery_rate: 78.34645669291339
delay_finished_ratio: 1.0050251256281406

EFFICIENCY METRICS
total_travel_time: 598.6744134480219
time_per_item: 0.4408500835405169
items_per_tour: 30.177777777777777

