
###### DATA INFORMATION ########
simulation_period: 120
backlog: 100
min_lead: 30
arrivals: list = [12, 10, 10, 8, 8, 6, 4, 4] (interval = 15)
seed_no: 5696


###### SIMULATION RUN ########
simulation_period: 120
thresholds: 150 (size_ths), 10 (urgency_ths)
pickers: 5 with capacity 150
lead time: 10
batching strategy: trigger_flexible_weighting
c: 0.1
seed rule: longest_travel_time

Execution time: 981.0218815803528

CUSTOMER SERVICE METRICS
no_finished: 846
no_delayed: 1 (now: 0, later: 1)
avg_delay_time: nan
avg_waiting_time: 21.52080705450271
avg_service_time: 14.562433581296512
delivery_rate: 82.69794721407625
delay_finished_ratio: 0.1182033096926714

EFFICIENCY METRICS
total_travel_time: 598.051289168253
time_per_item: 0.43653378771405327
items_per_tour: 30.444444444444443

