
###### DATA INFORMATION ########
simulation_period: 120
backlog: 100
min_lead: 30
arrivals: list = [12, 10, 10, 8, 8, 6, 4, 4] (interval = 15)
seed_no: 5695


###### SIMULATION RUN ########
simulation_period: 120
thresholds: 150 (size_ths), 10 (urgency_ths)
pickers: 5 with capacity 150
lead time: 10
batching strategy: static_weighting
c: 1
seed rule: longest_travel_time

Execution time: 1650.3237144947052

CUSTOMER SERVICE METRICS
no_finished: 580
no_delayed: 201 (now: 0, later: 201)
avg_delay_time: nan
avg_waiting_time: 20.890450014618644
avg_service_time: 18.514484714003956
delivery_rate: 57.31225296442688
delay_finished_ratio: 34.6551724137931

EFFICIENCY METRICS
total_travel_time: 598.2076413561739
time_per_item: 0.5836172110791941
items_per_tour: 26.28205128205128

