
###### DATA INFORMATION ########
simulation_period: 120
backlog: 100
min_lead: 30
arrivals: list = [12, 10, 10, 8, 8, 6, 4, 4] (interval = 15)
seed_no: 5689


###### SIMULATION RUN ########
simulation_period: 120
thresholds: 150 (size_ths), 10 (urgency_ths)
pickers: 5 with capacity 150
lead time: 10
batching strategy: percentage_flexible_weighting
c: 0.25
threshold percentage: 0.33
seed rule: longest_travel_time

Execution time: 1771.7356655597687

CUSTOMER SERVICE METRICS
no_finished: 806
no_delayed: 22 (now: 0, later: 22)
avg_delay_time: nan
avg_waiting_time: 22.669257789605748
avg_service_time: 14.58180894308947
delivery_rate: 79.33070866141733
delay_finished_ratio: 2.729528535980149

EFFICIENCY METRICS
total_travel_time: 598.6744134480218
time_per_item: 0.4402017745941337
items_per_tour: 30.22222222222222

