
###### DATA INFORMATION ########
simulation_period: 120
backlog: 100
min_lead: 30
arrivals: list = [4, 4, 6, 8, 8, 10, 10, 12] (interval = 15)
seed_no: 5692


###### SIMULATION RUN ########
simulation_period: 120
thresholds: 150 (size_ths), 10 (urgency_ths)
pickers: 5 with capacity 150
lead time: 10
batching strategy: dist_prio_ratio
seed rule: longest_travel_time

Execution time: 384.2243220806122

CUSTOMER SERVICE METRICS
no_finished: 802
no_delayed: 9 (now: 0, later: 9)
avg_delay_time: nan
avg_waiting_time: 5.8076507319975335
avg_service_time: 15.339571948998177
delivery_rate: 74.12199630314234
delay_finished_ratio: 1.1221945137157108

EFFICIENCY METRICS
total_travel_time: 586.5139859028553
time_per_item: 0.4684616500821528
items_per_tour: 29.80952380952381

