
###### DATA INFORMATION ########
simulation_period: 120
backlog: 100
min_lead: 30
arrivals: list = [4, 6, 8, 10, 10, 8, 6, 4] (interval = 15)
seed_no: 5697


###### SIMULATION RUN ########
simulation_period: 120
thresholds: 150 (size_ths), 10 (urgency_ths)
pickers: 5 with capacity 150
lead time: 10
batching strategy: static_weighting
c: 0
seed rule: longest_travel_time

Execution time: 973.951315164566

CUSTOMER SERVICE METRICS
no_finished: 765
no_delayed: 84 (now: 28, later: 56)
avg_delay_time: 33.73135635085118
avg_waiting_time: 11.282732082174954
avg_service_time: 14.463226744186006
delivery_rate: 80.52631578947368
delay_finished_ratio: 10.980392156862745

EFFICIENCY METRICS
total_travel_time: 596.3622388588778
time_per_item: 0.4566326484371193
items_per_tour: 29.022222222222222

