
###### DATA INFORMATION ########
simulation_period: 120
backlog: 100
min_lead: 30
arrivals: list = [12, 10, 10, 8, 8, 6, 4, 4] (interval = 15)
seed_no: 5689


###### SIMULATION RUN ########
simulation_period: 120
thresholds: 150 (size_ths), 10 (urgency_ths)
pickers: 5 with capacity 150
lead time: 10
batching strategy: FCFS

Execution time: 44.69703912734985

CUSTOMER SERVICE METRICS
no_finished: 591
no_delayed: 414 (now: 281, later: 133)
avg_delay_time: 22.10460362680745
avg_waiting_time: 33.81534149907482
avg_service_time: 18.93117774566465
delivery_rate: 58.169291338582674
delay_finished_ratio: 70.05076142131979

EFFICIENCY METRICS
total_travel_time: 599.3592863160338
time_per_item: 0.5870316222488089
items_per_tour: 29.17142857142857

