
###### DATA INFORMATION ########
simulation_period: 120
backlog: 100
min_lead: 30
arrivals: list = [4, 6, 8, 10, 10, 8, 6, 4] (interval = 15)
seed_no: 5690


###### SIMULATION RUN ########
simulation_period: 120
thresholds: 150 (size_ths), 10 (urgency_ths)
pickers: 5 with capacity 150
lead time: 10
batching strategy: static_weighting
c: 0.25
seed rule: longest_travel_time

Execution time: 903.5955078601837

CUSTOMER SERVICE METRICS
no_finished: 727
no_delayed: 12 (now: 0, later: 12)
avg_delay_time: nan
avg_waiting_time: 9.906290574994665
avg_service_time: 15.52422480620157
delivery_rate: 76.76874340021119
delay_finished_ratio: 1.6506189821182942

EFFICIENCY METRICS
total_travel_time: 595.0416089755805
time_per_item: 0.47756148392903736
items_per_tour: 30.390243902439025

