
###### DATA INFORMATION ########
simulation_period: 120
backlog: 100
min_lead: 30
arrivals: list = [4, 6, 8, 10, 10, 8, 6, 4] (interval = 15)
seed_no: 5692


###### SIMULATION RUN ########
simulation_period: 120
thresholds: 150 (size_ths), 10 (urgency_ths)
pickers: 5 with capacity 150
lead time: 10
batching strategy: static_weighting
c: 1
seed rule: longest_travel_time

Execution time: 1166.94460272789

CUSTOMER SERVICE METRICS
no_finished: 619
no_delayed: 60 (now: 0, later: 60)
avg_delay_time: nan
avg_waiting_time: 12.978884352756834
avg_service_time: 18.83630952380944
delivery_rate: 61.53081510934394
delay_finished_ratio: 9.693053311793214

EFFICIENCY METRICS
total_travel_time: 596.202233283144
time_per_item: 0.561924819305508
items_per_tour: 29.47222222222222

