
###### DATA INFORMATION ########
simulation_period: 120
backlog: 100
min_lead: 30
arrivals: list = [12, 10, 10, 8, 8, 6, 4, 4] (interval = 15)
seed_no: 5696


###### SIMULATION RUN ########
simulation_period: 120
thresholds: 150 (size_ths), 10 (urgency_ths)
pickers: 5 with capacity 150
lead time: 10
batching strategy: static_weighting
c: 0.25
seed rule: longest_travel_time

Execution time: 1514.1470379829407

CUSTOMER SERVICE METRICS
no_finished: 851
no_delayed: 3 (now: 0, later: 3)
avg_delay_time: nan
avg_waiting_time: 19.530142737132053
avg_service_time: 14.265348549186081
delivery_rate: 83.18670576735093
delay_finished_ratio: 0.35252643948296125

EFFICIENCY METRICS
total_travel_time: 598.051289168253
time_per_item: 0.4374917989526357
items_per_tour: 30.377777777777776

