
###### DATA INFORMATION ########
simulation_period: 120
backlog: 100
min_lead: 30
arrivals: list = [12, 10, 10, 8, 8, 6, 4, 4] (interval = 15)
seed_no: 5691


###### SIMULATION RUN ########
simulation_period: 120
thresholds: 150 (size_ths), 10 (urgency_ths)
pickers: 5 with capacity 150
lead time: 10
batching strategy: static_weighting
c: 0.75
seed rule: longest_travel_time

Execution time: 1179.5321063995361

CUSTOMER SERVICE METRICS
no_finished: 755
no_delayed: 51 (now: 0, later: 51)
avg_delay_time: nan
avg_waiting_time: 25.07964614267255
avg_service_time: 14.432816159250649
delivery_rate: 73.30097087378641
delay_finished_ratio: 6.754966887417218

EFFICIENCY METRICS
total_travel_time: 598.696587431263
time_per_item: 0.4518464810801985
items_per_tour: 29.444444444444443

