
###### DATA INFORMATION ########
simulation_period: 120
backlog: 100
min_lead: 30
arrivals: list = [4, 6, 8, 10, 10, 8, 6, 4] (interval = 15)
seed_no: 5696


###### SIMULATION RUN ########
simulation_period: 120
thresholds: 150 (size_ths), 10 (urgency_ths)
pickers: 5 with capacity 150
lead time: 10
batching strategy: static_weighting
c: 0
seed rule: longest_travel_time

Execution time: 818.7751400470734

CUSTOMER SERVICE METRICS
no_finished: 731
no_delayed: 74 (now: 17, later: 57)
avg_delay_time: 36.83182727830177
avg_waiting_time: 9.173954260279164
avg_service_time: 15.39014251781472
delivery_rate: 79.11255411255411
delay_finished_ratio: 10.12311901504788

EFFICIENCY METRICS
total_travel_time: 585.7542622807554
time_per_item: 0.4769985849191819
items_per_tour: 29.238095238095237

