
###### DATA INFORMATION ########
simulation_period: 120
backlog: 100
min_lead: 30
arrivals: list = [12, 10, 10, 8, 8, 6, 4, 4] (interval = 15)
seed_no: 5693


###### SIMULATION RUN ########
simulation_period: 120
thresholds: 150 (size_ths), 10 (urgency_ths)
pickers: 5 with capacity 150
lead time: 10
batching strategy: static_weighting
c: 0.25
seed rule: longest_travel_time

Execution time: 1048.9294447898865

CUSTOMER SERVICE METRICS
no_finished: 804
no_delayed: 76 (now: 0, later: 76)
avg_delay_time: nan
avg_waiting_time: 22.230145807405215
avg_service_time: 14.115559895833346
delivery_rate: 73.82920110192838
delay_finished_ratio: 9.45273631840796

EFFICIENCY METRICS
total_travel_time: 599.3680003608955
time_per_item: 0.4355872095646043
items_per_tour: 30.57777777777778

