
###### DATA INFORMATION ########
simulation_period: 120
backlog: 100
min_lead: 30
arrivals: list = [12, 10, 10, 8, 8, 6, 4, 4] (interval = 15)
seed_no: 5697


###### SIMULATION RUN ########
simulation_period: 120
thresholds: 150 (size_ths), 10 (urgency_ths)
pickers: 5 with capacity 150
lead time: 10
batching strategy: dist_prio_ratio
seed rule: longest_travel_time

Execution time: 382.4477324485779

CUSTOMER SERVICE METRICS
no_finished: 898
no_delayed: 75 (now: 52, later: 23)
avg_delay_time: 37.98251948930743
avg_waiting_time: 17.120117748895446
avg_service_time: 13.99068428184287
delivery_rate: 87.35408560311284
delay_finished_ratio: 8.351893095768375

EFFICIENCY METRICS
total_travel_time: 598.8247401776894
time_per_item: 0.42590664308512755
items_per_tour: 29.914893617021278

