
###### DATA INFORMATION ########
simulation_period: 120
backlog: 100
min_lead: 30
arrivals: list = [4, 6, 8, 10, 10, 8, 6, 4] (interval = 15)
seed_no: 5692


###### SIMULATION RUN ########
simulation_period: 120
thresholds: 150 (size_ths), 10 (urgency_ths)
pickers: 5 with capacity 150
lead time: 10
batching strategy: dist_prio_ratio
seed rule: longest_travel_time

Execution time: 390.26425337791443

CUSTOMER SERVICE METRICS
no_finished: 834
no_delayed: 14 (now: 0, later: 14)
avg_delay_time: nan
avg_waiting_time: 7.6217135557503575
avg_service_time: 14.79668086616972
delivery_rate: 82.90258449304176
delay_finished_ratio: 1.6786570743405276

EFFICIENCY METRICS
total_travel_time: 595.3162335362305
time_per_item: 0.45934894562980744
items_per_tour: 30.13953488372093

