
###### DATA INFORMATION ########
simulation_period: 120
backlog: 100
min_lead: 30
arrivals: list = [4, 6, 8, 10, 10, 8, 6, 4] (interval = 15)
seed_no: 5695


###### SIMULATION RUN ########
simulation_period: 120
thresholds: 150 (size_ths), 10 (urgency_ths)
pickers: 5 with capacity 150
lead time: 10
batching strategy: trigger_flexible_weighting
c: 0.1
seed rule: longest_travel_time

Execution time: 799.72540974617

CUSTOMER SERVICE METRICS
no_finished: 702
no_delayed: 3 (now: 3, later: 0)
avg_delay_time: 29.98005091882834
avg_waiting_time: 10.268399157012462
avg_service_time: 15.739223218096475
delivery_rate: 76.2214983713355
delay_finished_ratio: 0.4273504273504274

EFFICIENCY METRICS
total_travel_time: 583.0026565091066
time_per_item: 0.500861388753528
items_per_tour: 29.846153846153847

