
###### DATA INFORMATION ########
simulation_period: 120
backlog: 100
min_lead: 30
arrivals: list = [12, 10, 10, 8, 8, 6, 4, 4] (interval = 15)
seed_no: 5691


###### SIMULATION RUN ########
simulation_period: 120
thresholds: 150 (size_ths), 10 (urgency_ths)
pickers: 5 with capacity 150
lead time: 10
batching strategy: static_weighting
c: 0.25
seed rule: longest_travel_time

Execution time: 1353.6076443195343

CUSTOMER SERVICE METRICS
no_finished: 751
no_delayed: 56 (now: 0, later: 56)
avg_delay_time: nan
avg_waiting_time: 22.85176559869878
avg_service_time: 14.073725490196042
delivery_rate: 72.91262135922331
delay_finished_ratio: 7.456724367509987

EFFICIENCY METRICS
total_travel_time: 598.696587431263
time_per_item: 0.45355802078125984
items_per_tour: 29.333333333333332

