
###### DATA INFORMATION ########
simulation_period: 120
backlog: 100
min_lead: 30
arrivals: list = [4, 6, 8, 10, 10, 8, 6, 4] (interval = 15)
seed_no: 5690


###### SIMULATION RUN ########
simulation_period: 120
thresholds: 150 (size_ths), 10 (urgency_ths)
pickers: 5 with capacity 150
lead time: 10
batching strategy: static_weighting
c: 1
seed rule: longest_travel_time

Execution time: 1059.7026154994965

CUSTOMER SERVICE METRICS
no_finished: 616
no_delayed: 33 (now: 0, later: 33)
avg_delay_time: nan
avg_waiting_time: 13.755631482109644
avg_service_time: 18.98634453781509
delivery_rate: 65.04751847940867
delay_finished_ratio: 5.357142857142857

EFFICIENCY METRICS
total_travel_time: 597.3441588099895
time_per_item: 0.5546371019591361
items_per_tour: 29.916666666666668

