
###### DATA INFORMATION ########
simulation_period: 120
backlog: 100
min_lead: 30
arrivals: list = [12, 10, 10, 8, 8, 6, 4, 4] (interval = 15)
seed_no: 5691


###### SIMULATION RUN ########
simulation_period: 120
thresholds: 150 (size_ths), 10 (urgency_ths)
pickers: 5 with capacity 150
lead time: 10
batching strategy: trigger_flexible_weighting
c: 0.1
seed rule: longest_travel_time

Execution time: 969.2203679084778

CUSTOMER SERVICE METRICS
no_finished: 775
no_delayed: 33 (now: 0, later: 33)
avg_delay_time: nan
avg_waiting_time: 25.129198143866585
avg_service_time: 14.180204745503207
delivery_rate: 75.24271844660194
delay_finished_ratio: 4.258064516129032

EFFICIENCY METRICS
total_travel_time: 598.696587431263
time_per_item: 0.44315069387954326
items_per_tour: 29.369565217391305

