
###### DATA INFORMATION ########
simulation_period: 120
backlog: 100
min_lead: 30
arrivals: list = [12, 10, 10, 8, 8, 6, 4, 4] (interval = 15)
seed_no: 5696


###### SIMULATION RUN ########
simulation_period: 120
thresholds: 150 (size_ths), 10 (urgency_ths)
pickers: 5 with capacity 150
lead time: 10
batching strategy: static_weighting
c: 1
seed rule: longest_travel_time

Execution time: 1140.6768786907196

CUSTOMER SERVICE METRICS
no_finished: 606
no_delayed: 190 (now: 0, later: 190)
avg_delay_time: nan
avg_waiting_time: 21.4386163994196
avg_service_time: 18.608262611975427
delivery_rate: 59.2375366568915
delay_finished_ratio: 31.353135313531354

EFFICIENCY METRICS
total_travel_time: 598.051289168253
time_per_item: 0.579507063147532
items_per_tour: 26.46153846153846

