
###### DATA INFORMATION ########
simulation_period: 120
backlog: 100
min_lead: 30
arrivals: list = [12, 10, 10, 8, 8, 6, 4, 4] (interval = 15)
seed_no: 5690


###### SIMULATION RUN ########
simulation_period: 120
thresholds: 150 (size_ths), 10 (urgency_ths)
pickers: 5 with capacity 150
lead time: 10
batching strategy: static_weighting
c: 0.25
seed rule: longest_travel_time

Execution time: 1651.7057099342346

CUSTOMER SERVICE METRICS
no_finished: 816
no_delayed: 6 (now: 0, later: 6)
avg_delay_time: nan
avg_waiting_time: 20.509068795008908
avg_service_time: 13.88913202042306
delivery_rate: 79.2233009708738
delay_finished_ratio: 0.7352941176470588

EFFICIENCY METRICS
total_travel_time: 599.1147196033298
time_per_item: 0.43731001430899985
items_per_tour: 30.444444444444443

