
###### DATA INFORMATION ########
simulation_period: 120
backlog: 100
min_lead: 30
arrivals: list = [12, 10, 10, 8, 8, 6, 4, 4] (interval = 15)
seed_no: 5690


###### SIMULATION RUN ########
simulation_period: 120
thresholds: 150 (size_ths), 10 (urgency_ths)
pickers: 5 with capacity 150
lead time: 10
batching strategy: FCFS

Execution time: 33.99988079071045

CUSTOMER SERVICE METRICS
no_finished: 603
no_delayed: 403 (now: 285, later: 118)
avg_delay_time: 18.743677034139292
avg_waiting_time: 32.7685692339542
avg_service_time: 18.83315476190476
delivery_rate: 58.543689320388346
delay_finished_ratio: 66.83250414593698

EFFICIENCY METRICS
total_travel_time: 599.1147196033298
time_per_item: 0.578854801549111
items_per_tour: 29.571428571428573

