
###### DATA INFORMATION ########
simulation_period: 120
backlog: 100
min_lead: 30
arrivals: list = [4, 6, 8, 10, 10, 8, 6, 4] (interval = 15)
seed_no: 5694


###### SIMULATION RUN ########
simulation_period: 120
thresholds: 150 (size_ths), 10 (urgency_ths)
pickers: 5 with capacity 150
lead time: 10
batching strategy: static_weighting
c: 0
seed rule: longest_travel_time

Execution time: 1118.2657132148743

CUSTOMER SERVICE METRICS
no_finished: 751
no_delayed: 91 (now: 50, later: 41)
avg_delay_time: 32.9268690130532
avg_waiting_time: 12.628803935058022
avg_service_time: 14.605675623052873
delivery_rate: 82.25629791894852
delay_finished_ratio: 12.117177097203728

EFFICIENCY METRICS
total_travel_time: 578.2195474609409
time_per_item: 0.4499763015260241
items_per_tour: 29.204545454545453

