
###### DATA INFORMATION ########
simulation_period: 120
backlog: 100
min_lead: 30
arrivals: mean = 7, stddev = 3 (interval = 15)
seed_no: 2416


###### SIMULATION RUN ########
simulation_period: 120
thresholds: 150 (size_ths), 10 (urgency_ths)
pickers: 6 with capacity 150
lead time: 10
batching strategy: FCFS

Execution time: 12.14028263092041

CUSTOMER SERVICE METRICS
no_finished: 668
no_delayed: 67 (now: 67, later: 0)
avg_delay_time: 6.999032535398333
avg_waiting_time: 12.743709077696119
avg_service_time: 18.580292360221957
delivery_rate: 69.58333333333333
delay_finished_ratio: 10.029940119760479

EFFICIENCY METRICS
total_travel_time: 716.090028800561
time_per_item: 0.5957487760404001
items_per_tour: 28.61904761904762

