
###### DATA INFORMATION ########
simulation_period: 120
backlog: 100
min_lead: 30
arrivals: mean = 7, stddev = 3 (interval = 15)
seed_no: 2415


###### SIMULATION RUN ########
simulation_period: 120
thresholds: 150 (size_ths), 10 (urgency_ths)
pickers: 7 with capacity 150
lead time: 10
batching strategy: FCFS

Execution time: 11.314132452011108

CUSTOMER SERVICE METRICS
no_finished: 761
no_delayed: 29 (now: 29, later: 0)
avg_delay_time: 4.265129699992517
avg_waiting_time: 7.6281742914292705
avg_service_time: 18.660516093229766
delivery_rate: 81.56484458735262
delay_finished_ratio: 3.8107752956636007

EFFICIENCY METRICS
total_travel_time: 791.4984053354829
time_per_item: 0.593772247063378
items_per_tour: 28.361702127659573

