
###### DATA INFORMATION ########
simulation_period: 120
backlog: 100
min_lead: 30
arrivals: mean = 7, stddev = 3 (interval = 15)
seed_no: 2415


###### SIMULATION RUN ########
simulation_period: 120
thresholds: 150 (size_ths), 10 (urgency_ths)
pickers: 5 with capacity 150
lead time: 10
batching strategy: FCFS

Execution time: 16.587199926376343

CUSTOMER SERVICE METRICS
no_finished: 559
no_delayed: 228 (now: 166, later: 62)
avg_delay_time: 12.789805481430033
avg_waiting_time: 20.36379293306815
avg_service_time: 18.738636363636346
delivery_rate: 59.91425509110396
delay_finished_ratio: 40.7871198568873

EFFICIENCY METRICS
total_travel_time: 590.559544074357
time_per_item: 0.5917430301346261
items_per_tour: 28.514285714285716

