
###### DATA INFORMATION ########
simulation_period: 120
backlog: 100
min_lead: 30
arrivals: mean = 7, stddev = 3 (interval = 15)
seed_no: 2416


###### SIMULATION RUN ########
simulation_period: 120
thresholds: 150 (size_ths), 10 (urgency_ths)
pickers: 5 with capacity 270
lead time: 10
batching strategy: FCFS

Execution time: 33.61783838272095

CUSTOMER SERVICE METRICS
no_finished: 743
no_delayed: 23 (now: 23, later: 0)
avg_delay_time: 6.177581965578983
avg_waiting_time: 7.194838158947034
avg_service_time: 22.233406674000644
delivery_rate: 77.39583333333333
delay_finished_ratio: 3.095558546433378

EFFICIENCY METRICS
total_travel_time: 572.8686478771561
time_per_item: 0.4086081653902683
items_per_tour: 46.733333333333334

