
###### DATA INFORMATION ########
simulation_period: 120
backlog: 100
min_lead: 30
arrivals: mean = 7, stddev = 3 (interval = 15)
seed_no: 2414


###### SIMULATION RUN ########
simulation_period: 120
thresholds: 150 (size_ths), 10 (urgency_ths)
pickers: 5 with capacity 270
lead time: 10
batching strategy: FCFS

Execution time: 10.257567167282104

CUSTOMER SERVICE METRICS
no_finished: 761
no_delayed: 13 (now: 13, later: 0)
avg_delay_time: 5.073150296207558
avg_waiting_time: 5.228964437480276
avg_service_time: 22.236001872659255
delivery_rate: 84.08839779005525
delay_finished_ratio: 1.7082785808147174

EFFICIENCY METRICS
total_travel_time: 577.3038941926275
time_per_item: 0.4317904967783302
items_per_tour: 46.10344827586207

