
###### DATA INFORMATION ########
simulation_period: 120
backlog: 100
min_lead: 30
arrivals: mean = 7, stddev = 3 (interval = 15)
seed_no: 2414


###### SIMULATION RUN ########
simulation_period: 120
thresholds: 150 (size_ths), 10 (urgency_ths)
pickers: 5 with capacity 300
lead time: 10
batching strategy: FCFS

Execution time: 22.530070304870605

CUSTOMER SERVICE METRICS
no_finished: 786
no_delayed: 15 (now: 15, later: 0)
avg_delay_time: 3.1336539032763073
avg_waiting_time: 4.3346240887863114
avg_service_time: 22.752808988764013
delivery_rate: 86.85082872928177
delay_finished_ratio: 1.9083969465648856

EFFICIENCY METRICS
total_travel_time: 565.6885394793987
time_per_item: 0.4231028717123401
items_per_tour: 47.75

