
###### DATA INFORMATION ########
simulation_period: 120
backlog: 100
min_lead: 30
arrivals: mean = 7, stddev = 3 (interval = 15)
seed_no: 2419


###### SIMULATION RUN ########
simulation_period: 120
thresholds: 150 (size_ths), 10 (urgency_ths)
pickers: 5 with capacity 300
lead time: 10
batching strategy: FCFS

Execution time: 14.967968225479126

CUSTOMER SERVICE METRICS
no_finished: 790
no_delayed: 63 (now: 63, later: 0)
avg_delay_time: 2.1786407310443447
avg_waiting_time: 5.926224623551233
avg_service_time: 22.887834224599125
delivery_rate: 83.95324123273113
delay_finished_ratio: 7.974683544303797

EFFICIENCY METRICS
total_travel_time: 564.9809531819479
time_per_item: 0.40269490604557945
items_per_tour: 48.37931034482759

