
###### DATA INFORMATION ########
simulation_period: 120
backlog: 100
min_lead: 30
arrivals: mean = 7, stddev = 3 (interval = 15)
seed_no: 2413


###### SIMULATION RUN ########
simulation_period: 120
thresholds: 150 (size_ths), 10 (urgency_ths)
pickers: 5 with capacity 210
lead time: 10
batching strategy: static_weighting
c: 0.25
seed rule: longest_travel_time

Execution time: 1851.0460126399994

CUSTOMER SERVICE METRICS
no_finished: 878
no_delayed: 11 (now: 0, later: 11)
avg_delay_time: nan
avg_waiting_time: 18.264214082959178
avg_service_time: 17.18648626282689
delivery_rate: 71.9082719082719
delay_finished_ratio: 1.2528473804100226

EFFICIENCY METRICS
total_travel_time: 597.2789864636183
time_per_item: 0.38213626773104176
items_per_tour: 41.13157894736842

