
###### DATA INFORMATION ########
simulation_period: 120
backlog: 100
min_lead: 30
arrivals: mean = 7, stddev = 3 (interval = 15)
seed_no: 2410


###### SIMULATION RUN ########
simulation_period: 120
thresholds: 150 (size_ths), 10 (urgency_ths)
pickers: 5 with capacity 300
lead time: 10
batching strategy: FCFS

Execution time: 20.955617666244507

CUSTOMER SERVICE METRICS
no_finished: 628
no_delayed: 7 (now: 7, later: 0)
avg_delay_time: 1.2808225717592165
avg_waiting_time: 3.2450958773711203
avg_service_time: 21.872295047856696
delivery_rate: 78.4019975031211
delay_finished_ratio: 1.1146496815286624

EFFICIENCY METRICS
total_travel_time: 525.8410339017582
time_per_item: 0.4456279948319985
items_per_tour: 40.689655172413794

