
###### DATA INFORMATION ########
simulation_period: 120
backlog: 100
min_lead: 30
arrivals: mean = 7, stddev = 3 (interval = 15)
seed_no: 2417


###### SIMULATION RUN ########
simulation_period: 120
thresholds: 150 (size_ths), 10 (urgency_ths)
pickers: 5 with capacity 300
lead time: 10
batching strategy: FCFS

Execution time: 7.5119102001190186

CUSTOMER SERVICE METRICS
no_finished: 500
no_delayed: 7 (now: 0, later: 7)
avg_delay_time: nan
avg_waiting_time: 2.5580442700565342
avg_service_time: 21.140666666666696
delivery_rate: 97.27626459143968
delay_finished_ratio: 1.4000000000000001

EFFICIENCY METRICS
total_travel_time: 378.08333333333337
time_per_item: 0.5385802469135803
items_per_tour: 36.94736842105263

