
###### DATA INFORMATION ########
simulation_period: 120
backlog: 100
min_lead: 30
arrivals: mean = 7, stddev = 3 (interval = 15)
seed_no: 2417


###### SIMULATION RUN ########
simulation_period: 120
thresholds: 150 (size_ths), 10 (urgency_ths)
pickers: 5 with capacity 180
lead time: 10
batching strategy: static_weighting
c: 0.25
seed rule: longest_travel_time

Execution time: 277.54304099082947

CUSTOMER SERVICE METRICS
no_finished: 513
no_delayed: 1 (now: 0, later: 1)
avg_delay_time: nan
avg_waiting_time: 3.0888816823347045
avg_service_time: 18.745776478232557
delivery_rate: 99.80544747081711
delay_finished_ratio: 0.1949317738791423

EFFICIENCY METRICS
total_travel_time: 409.41666666666663
time_per_item: 0.5662747810050714
items_per_tour: 32.86363636363637

