
###### DATA INFORMATION ########
simulation_period: 120
backlog: 100
min_lead: 30
arrivals: mean = 7, stddev = 3 (interval = 15)
seed_no: 2413


###### SIMULATION RUN ########
simulation_period: 120
thresholds: 150 (size_ths), 10 (urgency_ths)
pickers: 5 with capacity 300
lead time: 10
batching strategy: static_weighting
c: 0.25
seed rule: longest_travel_time

Execution time: 2421.8671128749847

CUSTOMER SERVICE METRICS
no_finished: 964
no_delayed: 7 (now: 1, later: 6)
avg_delay_time: 49.60353966071352
avg_waiting_time: 14.225215487210097
avg_service_time: 20.13081395348833
delivery_rate: 78.95167895167894
delay_finished_ratio: 0.7261410788381742

EFFICIENCY METRICS
total_travel_time: 591.806160560792
time_per_item: 0.3353009408276442
items_per_tour: 51.911764705882355

