
###### DATA INFORMATION ########
simulation_period: 120
backlog: 100
min_lead: 30
arrivals: mean = 7, stddev = 3 (interval = 15)
seed_no: 2414


###### SIMULATION RUN ########
simulation_period: 120
thresholds: 150 (size_ths), 10 (urgency_ths)
pickers: 5 with capacity 240
lead time: 10
batching strategy: FCFS

Execution time: 29.633260250091553

CUSTOMER SERVICE METRICS
no_finished: 736
no_delayed: 31 (now: 31, later: 0)
avg_delay_time: 7.328810683017216
avg_waiting_time: 7.527263928907465
avg_service_time: 21.80299625468168
delivery_rate: 81.32596685082873
delay_finished_ratio: 4.211956521739131

EFFICIENCY METRICS
total_travel_time: 577.1323530793861
time_per_item: 0.43166219377665377
items_per_tour: 44.56666666666667

