
###### DATA INFORMATION ########
simulation_period: 120
backlog: 100
min_lead: 30
arrivals: mean = 7, stddev = 3 (interval = 15)
seed_no: 2412


###### SIMULATION RUN ########
simulation_period: 120
thresholds: 150 (size_ths), 10 (urgency_ths)
pickers: 5 with capacity 180
lead time: 10
batching strategy: static_weighting
c: 0.25
seed rule: longest_travel_time

Execution time: 613.2871041297913

CUSTOMER SERVICE METRICS
no_finished: 796
no_delayed: 5 (now: 0, later: 5)
avg_delay_time: nan
avg_waiting_time: 16.139455750405187
avg_service_time: 15.386166482096732
delivery_rate: 71.84115523465704
delay_finished_ratio: 0.628140703517588

EFFICIENCY METRICS
total_travel_time: 597.953644715692
time_per_item: 0.41266642147390753
items_per_tour: 35.34146341463415

