
###### DATA INFORMATION ########
simulation_period: 120
backlog: 100
min_lead: 30
arrivals: mean = 7, stddev = 3 (interval = 15)
seed_no: 2411


###### SIMULATION RUN ########
simulation_period: 120
thresholds: 150 (size_ths), 10 (urgency_ths)
pickers: 5 with capacity 300
lead time: 10
batching strategy: FCFS

Execution time: 32.77400803565979

CUSTOMER SERVICE METRICS
no_finished: 865
no_delayed: 71 (now: 71, later: 0)
avg_delay_time: 3.875411508404115
avg_waiting_time: 8.068368765796038
avg_service_time: 23.750530525628605
delivery_rate: 83.81782945736434
delay_finished_ratio: 8.208092485549132

EFFICIENCY METRICS
total_travel_time: 584.7151587598306
time_per_item: 0.3844281122681332
items_per_tour: 54.32142857142857

