
###### DATA INFORMATION ########
simulation_period: 120
backlog: 100
min_lead: 30
arrivals: mean = 5, stddev = 2 (interval = 15)
seed_no: 3551


###### SIMULATION RUN ########
simulation_period: 120
thresholds: 75 (size_ths), 5 (urgency_ths)
pickers: 5 with capacity 150
lead time: 10
batching strategy: FCFS

Execution time: 10.534341812133789

CUSTOMER SERVICE METRICS
no_finished: 451
no_delayed: 4 (now: 4, later: 0)
avg_delay_time: 8.125365544485923
avg_waiting_time: 4.210889992437272
avg_service_time: 17.92779839208403
delivery_rate: 80.82437275985663
delay_finished_ratio: 0.8869179600886918

EFFICIENCY METRICS
total_travel_time: 557.5809141709959
time_per_item: 0.664577966830746
items_per_tour: 23.97142857142857

