
###### DATA INFORMATION ########
simulation_period: 120
backlog: 100
min_lead: 30
arrivals: mean = 7, stddev = 1 (interval = 15)
seed_no: 5697


###### SIMULATION RUN ########
simulation_period: 120
thresholds: 150 (size_ths), 10 (urgency_ths)
pickers: 5 with capacity 150
lead time: 10
batching strategy: static_weighting
c: 1
seed rule: longest_travel_time

Execution time: 991.7513670921326

CUSTOMER SERVICE METRICS
no_finished: 584
no_delayed: 19 (now: 0, later: 19)
avg_delay_time: nan
avg_waiting_time: 17.206500063329887
avg_service_time: 18.61706349206338
delivery_rate: 64.96106785317018
delay_finished_ratio: 3.2534246575342465

EFFICIENCY METRICS
total_travel_time: 597.5551341146306
time_per_item: 0.5680181883218922
items_per_tour: 28.43243243243243

