
###### DATA INFORMATION ########
simulation_period: 120
backlog: 100
min_lead: 30
arrivals: mean = 7, stddev = 3 (interval = 15)
seed_no: 5698


###### SIMULATION RUN ########
simulation_period: 120
thresholds: 150 (size_ths), 10 (urgency_ths)
pickers: 5 with capacity 150
lead time: 10
batching strategy: static_weighting
c: 0.75
seed rule: longest_travel_time

Execution time: 2000.214780330658

CUSTOMER SERVICE METRICS
no_finished: 787
no_delayed: 82 (now: 0, later: 82)
avg_delay_time: nan
avg_waiting_time: 21.768548162513863
avg_service_time: 14.907080485952916
delivery_rate: 61.05508145849495
delay_finished_ratio: 10.419313850063533

EFFICIENCY METRICS
total_travel_time: 596.9844742055852
time_per_item: 0.44286682062728877
items_per_tour: 30.636363636363637

