
###### DATA INFORMATION ########
simulation_period: 120
backlog: 100
min_lead: 30
arrivals: mean = 7, stddev = 5 (interval = 15)
seed_no: 5695


###### SIMULATION RUN ########
simulation_period: 120
thresholds: 150 (size_ths), 10 (urgency_ths)
pickers: 5 with capacity 150
lead time: 10
batching strategy: static_weighting
c: 0.25
seed rule: longest_travel_time

Execution time: 2097.797008037567

CUSTOMER SERVICE METRICS
no_finished: 793
no_delayed: 31 (now: 0, later: 31)
avg_delay_time: nan
avg_waiting_time: 15.93337630290522
avg_service_time: 14.465499240698525
delivery_rate: 64.26256077795786
delay_finished_ratio: 3.909205548549811

EFFICIENCY METRICS
total_travel_time: 598.5053057715203
time_per_item: 0.43943120834913385
items_per_tour: 30.266666666666666

