
###### DATA INFORMATION ########
simulation_period: 120
backlog: 100
min_lead: 30
arrivals: mean = 7, stddev = 3 (interval = 15)
seed_no: 5698


###### SIMULATION RUN ########
simulation_period: 120
thresholds: 150 (size_ths), 10 (urgency_ths)
pickers: 5 with capacity 150
lead time: 10
batching strategy: static_weighting
c: 0.25
seed rule: longest_travel_time

Execution time: 1986.5692534446716

CUSTOMER SERVICE METRICS
no_finished: 827
no_delayed: 62 (now: 0, later: 62)
avg_delay_time: nan
avg_waiting_time: 19.786825880208134
avg_service_time: 14.39558232931729
delivery_rate: 64.15826221877424
delay_finished_ratio: 7.496977025392987

EFFICIENCY METRICS
total_travel_time: 596.9844742055852
time_per_item: 0.42948523324142823
items_per_tour: 30.88888888888889

