
###### DATA INFORMATION ########
simulation_period: 120
backlog: 100
min_lead: 30
arrivals: mean = 7, stddev = 1 (interval = 15)
seed_no: 5695


###### SIMULATION RUN ########
simulation_period: 120
thresholds: 150 (size_ths), 10 (urgency_ths)
pickers: 5 with capacity 150
lead time: 10
batching strategy: FCFS

Execution time: 30.752753257751465

CUSTOMER SERVICE METRICS
no_finished: 591
no_delayed: 163 (now: 117, later: 46)
avg_delay_time: 8.636978122052499
avg_waiting_time: 18.75343583670288
avg_service_time: 18.87150265315977
delivery_rate: 61.053719008264466
delay_finished_ratio: 27.580372250423014

EFFICIENCY METRICS
total_travel_time: 598.1443994119621
time_per_item: 0.5795972862519013
items_per_tour: 29.485714285714284

