
###### DATA INFORMATION ########
simulation_period: 120
backlog: 100
min_lead: 30
arrivals: mean = 7, stddev = 5 (interval = 15)
seed_no: 5690


###### SIMULATION RUN ########
simulation_period: 120
thresholds: 150 (size_ths), 10 (urgency_ths)
pickers: 5 with capacity 150
lead time: 10
batching strategy: FCFS

Execution time: 25.952711582183838

CUSTOMER SERVICE METRICS
no_finished: 593
no_delayed: 243 (now: 243, later: 0)
avg_delay_time: 20.29265860300959
avg_waiting_time: 26.59172682623949
avg_service_time: 19.004382804995224
delivery_rate: 85.20114942528735
delay_finished_ratio: 40.97807757166947

EFFICIENCY METRICS
total_travel_time: 592.8753069525275
time_per_item: 0.5717216074759185
items_per_tour: 29.62857142857143

