
###### DATA INFORMATION ########
simulation_period: 120
backlog: 100
min_lead: 30
arrivals: mean = 7, stddev = 1 (interval = 15)
seed_no: 5698


###### SIMULATION RUN ########
simulation_period: 120
thresholds: 150 (size_ths), 10 (urgency_ths)
pickers: 5 with capacity 150
lead time: 10
batching strategy: static_weighting
c: 1
seed rule: longest_travel_time

Execution time: 1190.0557565689087

CUSTOMER SERVICE METRICS
no_finished: 592
no_delayed: 99 (now: 0, later: 99)
avg_delay_time: nan
avg_waiting_time: 19.629884121419963
avg_service_time: 18.447578662733495
delivery_rate: 56.27376425855514
delay_finished_ratio: 16.722972972972975

EFFICIENCY METRICS
total_travel_time: 595.6063007843097
time_per_item: 0.5721482236160516
items_per_tour: 26.692307692307693

