
###### DATA INFORMATION ########
simulation_period: 120
backlog: 100
min_lead: 30
arrivals: mean = 7, stddev = 3 (interval = 15)
seed_no: 5698


###### SIMULATION RUN ########
simulation_period: 120
thresholds: 150 (size_ths), 10 (urgency_ths)
pickers: 5 with capacity 150
lead time: 10
batching strategy: static_weighting
c: 0
seed rule: longest_travel_time

Execution time: 1984.58065366745

CUSTOMER SERVICE METRICS
no_finished: 753
no_delayed: 253 (now: 14, later: 239)
avg_delay_time: 38.53539900069029
avg_waiting_time: 12.144240754898904
avg_service_time: 14.432715311004742
delivery_rate: 58.41737781225756
delay_finished_ratio: 33.59893758300132

EFFICIENCY METRICS
total_travel_time: 596.9844742055852
time_per_item: 0.43480296737478896
items_per_tour: 30.511111111111113

