
###### DATA INFORMATION ########
simulation_period: 120
backlog: 100
min_lead: 30
arrivals: mean = 7, stddev = 1 (interval = 15)
seed_no: 5695


###### SIMULATION RUN ########
simulation_period: 120
thresholds: 150 (size_ths), 10 (urgency_ths)
pickers: 5 with capacity 150
lead time: 10
batching strategy: static_weighting
c: 1
seed rule: longest_travel_time

Execution time: 1359.9659423828125

CUSTOMER SERVICE METRICS
no_finished: 597
no_delayed: 33 (now: 0, later: 33)
avg_delay_time: nan
avg_waiting_time: 13.403374755085348
avg_service_time: 19.078906987724253
delivery_rate: 61.67355371900827
delay_finished_ratio: 5.527638190954774

EFFICIENCY METRICS
total_travel_time: 598.1443994119621
time_per_item: 0.5600602990748709
items_per_tour: 29.666666666666668

