
###### DATA INFORMATION ########
simulation_period: 120
backlog: 100
min_lead: 30
arrivals: mean = 7, stddev = 3 (interval = 15)
seed_no: 5692


###### SIMULATION RUN ########
simulation_period: 120
thresholds: 150 (size_ths), 10 (urgency_ths)
pickers: 5 with capacity 150
lead time: 10
batching strategy: trigger_flexible_weighting
c: 0.1
seed rule: longest_travel_time

Execution time: 1004.8440854549408

CUSTOMER SERVICE METRICS
no_finished: 837
no_delayed: 75 (now: 0, later: 75)
avg_delay_time: nan
avg_waiting_time: 22.311001423224067
avg_service_time: 14.495698924731252
delivery_rate: 64.08882082695253
delay_finished_ratio: 8.960573476702509

EFFICIENCY METRICS
total_travel_time: 598.2939356071677
time_per_item: 0.42857731777017744
items_per_tour: 31.022222222222222

