
###### DATA INFORMATION ########
simulation_period: 120
backlog: 100
min_lead: 30
arrivals: mean = 7, stddev = 3 (interval = 15)
seed_no: 5698


###### SIMULATION RUN ########
simulation_period: 120
thresholds: 150 (size_ths), 10 (urgency_ths)
pickers: 5 with capacity 150
lead time: 10
batching strategy: trigger_flexible_weighting
c: 0.1
seed rule: longest_travel_time

Execution time: 1337.0093371868134

CUSTOMER SERVICE METRICS
no_finished: 797
no_delayed: 85 (now: 0, later: 85)
avg_delay_time: nan
avg_waiting_time: 20.107117454284047
avg_service_time: 14.625233035048462
delivery_rate: 61.83087664856478
delay_finished_ratio: 10.664993726474279

EFFICIENCY METRICS
total_travel_time: 596.9844742055852
time_per_item: 0.4379930111559686
items_per_tour: 30.977272727272727

