
###### DATA INFORMATION ########
simulation_period: 120
backlog: 100
min_lead: 30
arrivals: mean = 7, stddev = 5 (interval = 15)
seed_no: 5690


###### SIMULATION RUN ########
simulation_period: 120
thresholds: 150 (size_ths), 10 (urgency_ths)
pickers: 5 with capacity 150
lead time: 10
batching strategy: static_weighting
c: 0.25
seed rule: longest_travel_time

Execution time: 1030.2739598751068

CUSTOMER SERVICE METRICS
no_finished: 693
no_delayed: 16 (now: 15, later: 1)
avg_delay_time: 20.290719074667642
avg_waiting_time: 16.853758337584154
avg_service_time: 14.947751322751326
delivery_rate: 99.56896551724138
delay_finished_ratio: 2.3088023088023086

EFFICIENCY METRICS
total_travel_time: 510.91666666666663
time_per_item: 0.49459503065505
items_per_tour: 30.38235294117647

