
###### DATA INFORMATION ########
simulation_period: 120
backlog: 100
min_lead: 30
arrivals: mean = 7, stddev = 3 (interval = 15)
seed_no: 5697


###### SIMULATION RUN ########
simulation_period: 120
thresholds: 150 (size_ths), 10 (urgency_ths)
pickers: 5 with capacity 150
lead time: 10
batching strategy: FCFS

Execution time: 27.67709445953369

CUSTOMER SERVICE METRICS
no_finished: 567
no_delayed: 62 (now: 62, later: 0)
avg_delay_time: 7.250694636078265
avg_waiting_time: 14.329271037836326
avg_service_time: 18.72366048428643
delivery_rate: 63.63636363636363
delay_finished_ratio: 10.934744268077601

EFFICIENCY METRICS
total_travel_time: 597.5737307279986
time_per_item: 0.6085272207006096
items_per_tour: 28.057142857142857

