
###### DATA INFORMATION ########
simulation_period: 120
backlog: 100
min_lead: 30
arrivals: mean = 7, stddev = 5 (interval = 15)
seed_no: 5696


###### SIMULATION RUN ########
simulation_period: 120
thresholds: 150 (size_ths), 10 (urgency_ths)
pickers: 5 with capacity 150
lead time: 10
batching strategy: static_weighting
c: 0
seed rule: longest_travel_time

Execution time: 1407.4576659202576

CUSTOMER SERVICE METRICS
no_finished: 666
no_delayed: 86 (now: 0, later: 86)
avg_delay_time: nan
avg_waiting_time: 6.2063137420406616
avg_service_time: 15.701840560072274
delivery_rate: 54.10235580828595
delay_finished_ratio: 12.912912912912914

EFFICIENCY METRICS
total_travel_time: 554.2562712724239
time_per_item: 0.46851755813391704
items_per_tour: 30.333333333333332

