
###### DATA INFORMATION ########
simulation_period: 120
backlog: 100
min_lead: 30
arrivals: mean = 7, stddev = 3 (interval = 15)
seed_no: 5692


###### SIMULATION RUN ########
simulation_period: 120
thresholds: 150 (size_ths), 10 (urgency_ths)
pickers: 5 with capacity 150
lead time: 10
batching strategy: static_weighting
c: 0.75
seed rule: longest_travel_time

Execution time: 1403.6447718143463

CUSTOMER SERVICE METRICS
no_finished: 817
no_delayed: 91 (now: 0, later: 91)
avg_delay_time: nan
avg_waiting_time: 22.992606594037117
avg_service_time: 14.754937246216333
delivery_rate: 62.55742725880551
delay_finished_ratio: 11.138310893512852

EFFICIENCY METRICS
total_travel_time: 598.2939356071677
time_per_item: 0.4425251003011595
items_per_tour: 30.727272727272727

