
###### DATA INFORMATION ########
simulation_period: 120
backlog: 100
min_lead: 30
arrivals: mean = 7, stddev = 5 (interval = 15)
seed_no: 5695


###### SIMULATION RUN ########
simulation_period: 120
thresholds: 150 (size_ths), 10 (urgency_ths)
pickers: 5 with capacity 150
lead time: 10
batching strategy: static_weighting
c: 0.5
seed rule: longest_travel_time

Execution time: 2414.7456114292145

CUSTOMER SERVICE METRICS
no_finished: 773
no_delayed: 27 (now: 0, later: 27)
avg_delay_time: nan
avg_waiting_time: 18.90590315059343
avg_service_time: 14.985771173271164
delivery_rate: 62.6418152350081
delay_finished_ratio: 3.4928848641655885

EFFICIENCY METRICS
total_travel_time: 598.5053057715203
time_per_item: 0.45000398930189495
items_per_tour: 30.227272727272727

