
###### DATA INFORMATION ########
simulation_period: 120
backlog: 100
min_lead: 30
arrivals: mean = 7, stddev = 5 (interval = 15)
seed_no: 5695


###### SIMULATION RUN ########
simulation_period: 120
thresholds: 150 (size_ths), 10 (urgency_ths)
pickers: 5 with capacity 150
lead time: 10
batching strategy: static_weighting
c: 1
seed rule: longest_travel_time

Execution time: 2316.6162765026093

CUSTOMER SERVICE METRICS
no_finished: 596
no_delayed: 196 (now: 0, later: 196)
avg_delay_time: nan
avg_waiting_time: 17.200852286499558
avg_service_time: 18.18904906423873
delivery_rate: 48.29821717990275
delay_finished_ratio: 32.88590604026846

EFFICIENCY METRICS
total_travel_time: 598.5053057715203
time_per_item: 0.5844778376675003
items_per_tour: 26.256410256410255

