
###### DATA INFORMATION ########
simulation_period: 120
backlog: 100
min_lead: 30
arrivals: mean = 7, stddev = 1 (interval = 15)
seed_no: 5691


###### SIMULATION RUN ########
simulation_period: 120
thresholds: 150 (size_ths), 10 (urgency_ths)
pickers: 5 with capacity 150
lead time: 10
batching strategy: static_weighting
c: 1
seed rule: longest_travel_time

Execution time: 1479.4075846672058

CUSTOMER SERVICE METRICS
no_finished: 578
no_delayed: 49 (now: 0, later: 49)
avg_delay_time: nan
avg_waiting_time: 17.337066337881886
avg_service_time: 18.53802710843368
delivery_rate: 59.40390544707091
delay_finished_ratio: 8.477508650519031

EFFICIENCY METRICS
total_travel_time: 599.3379115277546
time_per_item: 0.5762864533920717
items_per_tour: 27.36842105263158

