
###### DATA INFORMATION ########
simulation_period: 120
backlog: 100
min_lead: 30
arrivals: mean = 7, stddev = 5 (interval = 15)
seed_no: 5697


###### SIMULATION RUN ########
simulation_period: 120
thresholds: 150 (size_ths), 10 (urgency_ths)
pickers: 5 with capacity 150
lead time: 10
batching strategy: dist_prio_ratio
seed rule: longest_travel_time

Execution time: 130.85304141044617

CUSTOMER SERVICE METRICS
no_finished: 385
no_delayed: 1 (now: 1, later: 0)
avg_delay_time: 19.08907301041667
avg_waiting_time: 5.396485206221993
avg_service_time: 15.885185185185215
delivery_rate: 68.26241134751773
delay_finished_ratio: 0.2597402597402597

EFFICIENCY METRICS
total_travel_time: 360.72781544538344
time_per_item: 0.5031071345123898
items_per_tour: 28.68

