
###### DATA INFORMATION ########
simulation_period: 120
backlog: 100
min_lead: 30
arrivals: mean = 7, stddev = 3 (interval = 15)
seed_no: 5694


###### SIMULATION RUN ########
simulation_period: 120
thresholds: 150 (size_ths), 10 (urgency_ths)
pickers: 5 with capacity 150
lead time: 10
batching strategy: FCFS

Execution time: 30.36710524559021

CUSTOMER SERVICE METRICS
no_finished: 569
no_delayed: 117 (now: 66, later: 51)
avg_delay_time: 9.741933302048961
avg_waiting_time: 17.3514406608874
avg_service_time: 18.58643815201183
delivery_rate: 60.46758767268863
delay_finished_ratio: 20.56239015817223

EFFICIENCY METRICS
total_travel_time: 595.857929017054
time_per_item: 0.6055466758303394
items_per_tour: 28.114285714285714

