
###### DATA INFORMATION ########
simulation_period: 120
backlog: 100
min_lead: 30
arrivals: mean = 7, stddev = 5 (interval = 15)
seed_no: 5695


###### SIMULATION RUN ########
simulation_period: 120
thresholds: 150 (size_ths), 10 (urgency_ths)
pickers: 5 with capacity 150
lead time: 10
batching strategy: static_weighting
c: 0.75
seed rule: longest_travel_time

Execution time: 2295.683310508728

CUSTOMER SERVICE METRICS
no_finished: 746
no_delayed: 49 (now: 0, later: 49)
avg_delay_time: nan
avg_waiting_time: 17.95793291180052
avg_service_time: 15.212801204819254
delivery_rate: 60.45380875202593
delay_finished_ratio: 6.568364611260054

EFFICIENCY METRICS
total_travel_time: 598.5053057715204
time_per_item: 0.4600348238059342
items_per_tour: 30.25581395348837

