
###### DATA INFORMATION ########
simulation_period: 120
backlog: 100
min_lead: 30
arrivals: mean = 7, stddev = 1 (interval = 15)
seed_no: 5689


###### SIMULATION RUN ########
simulation_period: 120
thresholds: 150 (size_ths), 10 (urgency_ths)
pickers: 5 with capacity 150
lead time: 10
batching strategy: static_weighting
c: 0
seed rule: longest_travel_time

Execution time: 710.180668592453

CUSTOMER SERVICE METRICS
no_finished: 797
no_delayed: 10 (now: 7, later: 3)
avg_delay_time: 33.75824658533611
avg_waiting_time: 8.125319069974159
avg_service_time: 15.125615530302978
delivery_rate: 86.06911447084234
delay_finished_ratio: 1.2547051442910917

EFFICIENCY METRICS
total_travel_time: 598.629839251912
time_per_item: 0.45179610509578266
items_per_tour: 30.113636363636363

