
###### DATA INFORMATION ########
simulation_period: 120
backlog: 100
min_lead: 30
arrivals: mean = 7, stddev = 3 (interval = 15)
seed_no: 5692


###### SIMULATION RUN ########
simulation_period: 120
thresholds: 150 (size_ths), 10 (urgency_ths)
pickers: 5 with capacity 150
lead time: 10
batching strategy: static_weighting
c: 0.5
seed rule: longest_travel_time

Execution time: 1707.8281543254852

CUSTOMER SERVICE METRICS
no_finished: 823
no_delayed: 85 (now: 0, later: 85)
avg_delay_time: nan
avg_waiting_time: 23.259789075057608
avg_service_time: 14.703302231979485
delivery_rate: 63.01684532924961
delay_finished_ratio: 10.328068043742405

EFFICIENCY METRICS
total_travel_time: 598.2939356071677
time_per_item: 0.4405699083999762
items_per_tour: 30.863636363636363

