
###### DATA INFORMATION ########
simulation_period: 120
backlog: 100
min_lead: 30
arrivals: mean = 7, stddev = 5 (interval = 15)
seed_no: 5694


###### SIMULATION RUN ########
simulation_period: 120
thresholds: 150 (size_ths), 10 (urgency_ths)
pickers: 5 with capacity 150
lead time: 10
batching strategy: static_weighting
c: 0
seed rule: longest_travel_time

Execution time: 526.9899232387543

CUSTOMER SERVICE METRICS
no_finished: 617
no_delayed: 4 (now: 4, later: 0)
avg_delay_time: 21.048510310283405
avg_waiting_time: 6.853609255783711
avg_service_time: 15.865466101694853
delivery_rate: 70.51428571428572
delay_finished_ratio: 0.6482982171799028

EFFICIENCY METRICS
total_travel_time: 543.0733840995234
time_per_item: 0.5128171710099372
items_per_tour: 29.416666666666668

