
###### DATA INFORMATION ########
simulation_period: 120
backlog: 100
min_lead: 30
arrivals: mean = 8, stddev = 2 (interval = 15)
seed_no: 3551


###### SIMULATION RUN ########
simulation_period: 120
thresholds: 1 (size_ths), 1 (urgency_ths)
pickers: 5 with capacity 150
lead time: 10
batching strategy: static_weighting
c: 0.25
seed rule: longest_travel_time

Execution time: 1581.8202741146088

CUSTOMER SERVICE METRICS
no_finished: 774
no_delayed: 11 (now: 0, later: 11)
avg_delay_time: nan
avg_waiting_time: 15.975312258643005
avg_service_time: 14.452969348658959
delivery_rate: 64.71571906354515
delay_finished_ratio: 1.421188630490956

EFFICIENCY METRICS
total_travel_time: 598.9404991799823
time_per_item: 0.4355930903127144
items_per_tour: 30.555555555555557

