
###### DATA INFORMATION ########
simulation_period: 120
backlog: 100
min_lead: 30
arrivals: mean = 8, stddev = 2 (interval = 15)
seed_no: 3553


###### SIMULATION RUN ########
simulation_period: 120
thresholds: 75 (size_ths), 5 (urgency_ths)
pickers: 5 with capacity 150
lead time: 10
batching strategy: FCFS

Execution time: 27.467097997665405

CUSTOMER SERVICE METRICS
no_finished: 567
no_delayed: 250 (now: 183, later: 67)
avg_delay_time: 11.002590035870147
avg_waiting_time: 23.848842919967055
avg_service_time: 18.656666666666737
delivery_rate: 55.64278704612365
delay_finished_ratio: 44.091710758377424

EFFICIENCY METRICS
total_travel_time: 599.4970793055516
time_per_item: 0.6019046980979433
items_per_tour: 28.457142857142856

