
###### DATA INFORMATION ########
simulation_period: 120
backlog: 100
min_lead: 30
arrivals: mean = 8, stddev = 2 (interval = 15)
seed_no: 3549


###### SIMULATION RUN ########
simulation_period: 120
thresholds: 1 (size_ths), 1 (urgency_ths)
pickers: 5 with capacity 150
lead time: 10
batching strategy: static_weighting
c: 0.25
seed rule: longest_travel_time

Execution time: 2025.3000044822693

CUSTOMER SERVICE METRICS
no_finished: 736
no_delayed: 168 (now: 0, later: 168)
avg_delay_time: nan
avg_waiting_time: 19.696937039806755
avg_service_time: 14.538563288563259
delivery_rate: 56.18320610687023
delay_finished_ratio: 22.82608695652174

EFFICIENCY METRICS
total_travel_time: 598.6524062905579
time_per_item: 0.4434462268818947
items_per_tour: 30.681818181818183

