
###### DATA INFORMATION ########
simulation_period: 120
backlog: 100
min_lead: 30
arrivals: mean = 8, stddev = 2 (interval = 15)
seed_no: 3546


###### SIMULATION RUN ########
simulation_period: 120
thresholds: 225 (size_ths), 15 (urgency_ths)
pickers: 5 with capacity 150
lead time: 10
batching strategy: static_weighting
c: 0.25
seed rule: longest_travel_time

Execution time: 1210.1694350242615

CUSTOMER SERVICE METRICS
no_finished: 762
no_delayed: 35 (now: 0, later: 35)
avg_delay_time: nan
avg_waiting_time: 15.525611614738823
avg_service_time: 14.521511861680803
delivery_rate: 67.8539626001781
delay_finished_ratio: 4.593175853018373

EFFICIENCY METRICS
total_travel_time: 596.980395639694
time_per_item: 0.4564070303055765
items_per_tour: 29.727272727272727

