
###### DATA INFORMATION ########
simulation_period: 120
backlog: 100
min_lead: 30
arrivals: mean = 8, stddev = 2 (interval = 15)
seed_no: 3549


###### SIMULATION RUN ########
simulation_period: 120
thresholds: 225 (size_ths), 15 (urgency_ths)
pickers: 5 with capacity 150
lead time: 10
batching strategy: FCFS

Execution time: 46.11801075935364

CUSTOMER SERVICE METRICS
no_finished: 580
no_delayed: 517 (now: 256, later: 261)
avg_delay_time: 21.271288089920354
avg_waiting_time: 32.85769045947334
avg_service_time: 18.994674185463545
delivery_rate: 44.274809160305345
delay_finished_ratio: 89.13793103448275

EFFICIENCY METRICS
total_travel_time: 598.3410566335608
time_per_item: 0.5854609164711946
items_per_tour: 29.2

