
###### DATA INFORMATION ########
simulation_period: 120
backlog: 100
min_lead: 30
arrivals: mean = 8, stddev = 2 (interval = 15)
seed_no: 3551


###### SIMULATION RUN ########
simulation_period: 120
thresholds: 225 (size_ths), 15 (urgency_ths)
pickers: 5 with capacity 150
lead time: 10
batching strategy: FCFS

Execution time: 43.51741290092468

CUSTOMER SERVICE METRICS
no_finished: 569
no_delayed: 330 (now: 179, later: 151)
avg_delay_time: 14.720149276033503
avg_waiting_time: 25.576876834048274
avg_service_time: 18.847543724279806
delivery_rate: 47.575250836120404
delay_finished_ratio: 57.99648506151143

EFFICIENCY METRICS
total_travel_time: 598.9404991799823
time_per_item: 0.5883501956581358
items_per_tour: 29.085714285714285

