
###### DATA INFORMATION ########
simulation_period: 120
backlog: 100
min_lead: 30
arrivals: mean = 8, stddev = 2 (interval = 15)
seed_no: 3544


###### SIMULATION RUN ########
simulation_period: 120
thresholds: 375 (size_ths), 25 (urgency_ths)
pickers: 5 with capacity 150
lead time: 10
batching strategy: static_weighting
c: 0.25
seed rule: longest_travel_time

Execution time: 1317.5110278129578

CUSTOMER SERVICE METRICS
no_finished: 829
no_delayed: 3 (now: 0, later: 3)
avg_delay_time: nan
avg_waiting_time: 16.489304356112008
avg_service_time: 14.16543715846993
delivery_rate: 75.29518619436875
delay_finished_ratio: 0.3618817852834741

EFFICIENCY METRICS
total_travel_time: 594.4270142237368
time_per_item: 0.4409695951214665
items_per_tour: 29.955555555555556

