
###### DATA INFORMATION ########
simulation_period: 120
backlog: 100
min_lead: 30
arrivals: mean = 8, stddev = 2 (interval = 15)
seed_no: 3552


###### SIMULATION RUN ########
simulation_period: 120
thresholds: 1 (size_ths), 1 (urgency_ths)
pickers: 5 with capacity 150
lead time: 10
batching strategy: FCFS

Execution time: 21.95940589904785

CUSTOMER SERVICE METRICS
no_finished: 587
no_delayed: 102 (now: 81, later: 21)
avg_delay_time: 8.373213116520404
avg_waiting_time: 14.299417296093555
avg_service_time: 18.785107446276694
delivery_rate: 58.99497487437186
delay_finished_ratio: 17.37649063032368

EFFICIENCY METRICS
total_travel_time: 599.4741773000194
time_per_item: 0.596491718706487
items_per_tour: 28.714285714285715

