
###### DATA INFORMATION ########
simulation_period: 120
backlog: 100
min_lead: 30
arrivals: mean = 8, stddev = 2 (interval = 15)
seed_no: 3546


###### SIMULATION RUN ########
simulation_period: 120
thresholds: 375 (size_ths), 25 (urgency_ths)
pickers: 5 with capacity 150
lead time: 10
batching strategy: static_weighting
c: 0.25
seed rule: longest_travel_time

Execution time: 1179.968646287918

CUSTOMER SERVICE METRICS
no_finished: 765
no_delayed: 45 (now: 0, later: 45)
avg_delay_time: nan
avg_waiting_time: 14.905223948273678
avg_service_time: 14.406724620303747
delivery_rate: 68.12110418521816
delay_finished_ratio: 5.88235294117647

EFFICIENCY METRICS
total_travel_time: 591.9753014261829
time_per_item: 0.4498292564028746
items_per_tour: 29.90909090909091

