
###### DATA INFORMATION ########
simulation_period: 120
backlog: 100
min_lead: 30
arrivals: mean = 7, stddev = 2 (interval = 15)
seed_no: 3544


###### SIMULATION RUN ########
simulation_period: 120
thresholds: 150 (size_ths), 10 (urgency_ths)
pickers: 5 with capacity 150
lead time: 10
batching strategy: FCFS

Execution time: 22.482884407043457

CUSTOMER SERVICE METRICS
no_finished: 568
no_delayed: 201 (now: 155, later: 46)
avg_delay_time: 10.958981892730739
avg_waiting_time: 22.854278848972697
avg_service_time: 18.88485070974057
delivery_rate: 56.573705179282875
delay_finished_ratio: 35.38732394366197

EFFICIENCY METRICS
total_travel_time: 598.8721295271648
time_per_item: 0.5929427025021434
items_per_tour: 28.857142857142858

