
###### DATA INFORMATION ########
simulation_period: 120
backlog: 100
min_lead: 30
arrivals: mean = 7, stddev = 2 (interval = 15)
seed_no: 3553


###### SIMULATION RUN ########
simulation_period: 120
thresholds: 225 (size_ths), 15 (urgency_ths)
pickers: 5 with capacity 150
lead time: 10
batching strategy: FCFS

Execution time: 20.29173970222473

CUSTOMER SERVICE METRICS
no_finished: 572
no_delayed: 225 (now: 178, later: 47)
avg_delay_time: 11.69567607343373
avg_waiting_time: 25.233962159930048
avg_service_time: 18.679055719921106
delivery_rate: 68.01426872770512
delay_finished_ratio: 39.33566433566433

EFFICIENCY METRICS
total_travel_time: 598.4481166770186
time_per_item: 0.5996474115000185
items_per_tour: 28.514285714285716

