
###### DATA INFORMATION ########
simulation_period: 120
backlog: 100
min_lead: 30
arrivals: mean = 7, stddev = 2 (interval = 15)
seed_no: 3549


###### SIMULATION RUN ########
simulation_period: 120
thresholds: 225 (size_ths), 15 (urgency_ths)
pickers: 5 with capacity 150
lead time: 10
batching strategy: FCFS

Execution time: 25.522727012634277

CUSTOMER SERVICE METRICS
no_finished: 597
no_delayed: 273 (now: 162, later: 111)
avg_delay_time: 13.083963362196906
avg_waiting_time: 26.350911211593537
avg_service_time: 18.934216985763246
delivery_rate: 61.04294478527608
delay_finished_ratio: 45.7286432160804

EFFICIENCY METRICS
total_travel_time: 598.1699098599787
time_per_item: 0.5830116080506615
items_per_tour: 29.314285714285713

