
###### DATA INFORMATION ########
simulation_period: 120
backlog: 100
min_lead: 30
arrivals: mean = 7, stddev = 2 (interval = 15)
seed_no: 3545


###### SIMULATION RUN ########
simulation_period: 120
thresholds: 225 (size_ths), 15 (urgency_ths)
pickers: 5 with capacity 150
lead time: 10
batching strategy: static_weighting
c: 0.25
seed rule: longest_travel_time

Execution time: 2139.172786474228

CUSTOMER SERVICE METRICS
no_finished: 773
no_delayed: 8 (now: 0, later: 8)
avg_delay_time: nan
avg_waiting_time: 13.117939619131848
avg_service_time: 14.68696952160492
delivery_rate: 71.04779411764706
delay_finished_ratio: 1.034928848641656

EFFICIENCY METRICS
total_travel_time: 596.4577986349435
time_per_item: 0.44478583045111375
items_per_tour: 30.477272727272727

