
###### DATA INFORMATION ########
simulation_period: 120
backlog: 100
min_lead: 30
arrivals: mean = 7, stddev = 2 (interval = 15)
seed_no: 3546


###### SIMULATION RUN ########
simulation_period: 120
thresholds: 150 (size_ths), 10 (urgency_ths)
pickers: 5 with capacity 150
lead time: 10
batching strategy: FCFS

Execution time: 19.30357599258423

CUSTOMER SERVICE METRICS
no_finished: 588
no_delayed: 124 (now: 103, later: 21)
avg_delay_time: 8.473461435923578
avg_waiting_time: 14.967643973672395
avg_service_time: 18.924380466472172
delivery_rate: 69.50354609929079
delay_finished_ratio: 21.08843537414966

EFFICIENCY METRICS
total_travel_time: 597.0597220060579
time_per_item: 0.5752020443218284
items_per_tour: 29.65714285714286

