
###### DATA INFORMATION ########
simulation_period: 120
backlog: 100
min_lead: 30
arrivals: mean = 7, stddev = 2 (interval = 15)
seed_no: 3545


###### SIMULATION RUN ########
simulation_period: 120
thresholds: 375 (size_ths), 25 (urgency_ths)
pickers: 5 with capacity 150
lead time: 10
batching strategy: static_weighting
c: 0.25
seed rule: longest_travel_time

Execution time: 2317.333852291107

CUSTOMER SERVICE METRICS
no_finished: 795
no_delayed: 1 (now: 0, later: 1)
avg_delay_time: nan
avg_waiting_time: 14.151949582570609
avg_service_time: 14.503783579265948
delivery_rate: 73.06985294117648
delay_finished_ratio: 0.12578616352201258

EFFICIENCY METRICS
total_travel_time: 593.4276813773264
time_per_item: 0.4344272923699315
items_per_tour: 30.355555555555554

